off/on 0000 006D 0018 0000 008D 0088 0023 0069 0021 0024 0025 0020 0023 0069 0021 0022 0023 0024 0023 0022 0025 0020 0023 0022 0025 0020 0025 0067 0023 0022 0023 0067 0025 0067 0025 0020 0023 0067 0025 0067 0021 0069 0023 0067 0025 0067 0025 0065 0023 0022 0025 06C3 

deck 1/2 0000 006D 0018 0000 008B 008C 0025 0067 0023 0022 0025 0020 0023 0067 0023 0022 0025 0022 0021 0024 0029 0061 0025 0020 0023 0024 0023 0022 0021 0024 0021 0069 0023 0069 0021 0024 0023 0069 0021 0067 0023 0069 0021 0024 0021 0069 0025 0067 0021 0069 0023 06C3 

deck >> 0000 006D 0018 0000 008D 0088 0025 0069 0021 0022 0025 0022 0023 0067 0023 0020 0023 0026 0021 0069 0025 0020 0021 0024 0023 0022 0023 0022 0025 0020 0023 0067 0027 0065 0023 0022 0023 0069 0023 0067 0025 0020 0025 0067 0021 0069 0023 0069 0021 0067 0025 06C3 

deck << 0000 006D 0018 0000 008B 008C 0023 0067 0025 0020 0023 0022 0025 0067 0023 0022 0023 0022 0025 0065 0025 0022 0023 0022 0023 0022 0023 0022 0023 0024 0021 0069 0023 0067 0023 0022 0021 0069 0025 0067 0023 0022 0023 0067 0023 0069 0023 0067 0025 0067 0025 06C3 

deck > 0000 006D 0018 0000 008D 008A 0023 0067 0023 0022 0023 0022 0023 0069 0023 0022 0025 0020 0023 0069 0023 0022 0027 0063 0025 0020 0023 0024 0027 001E 0021 0069 0025 0065 0023 0022 0025 0067 0023 0067 0023 0024 0025 0065 0025 0020 0027 0063 0023 0069 0021 06C3 

deck < 0000 006D 0018 0000 008D 008A 0023 0067 0025 0020 0025 0022 0021 0069 0023 0022 0023 0067 0025 0022 0023 0022 0023 0067 0023 0024 0021 0022 0023 0024 0023 0067 0027 0065 0020 0026 0021 0067 0025 0022 0021 006B 0021 0069 0021 0024 0023 0067 0027 0065 0023 06C3 

deck || 0000 006D 0018 0000 008F 0088 0021 0069 0023 0022 0027 001E 0023 0069 0023 0022 0025 0020 0023 0067 0027 0065 0021 0024 0025 0020 0023 0022 0023 0022 0025 0067 0023 0067 0023 0022 0025 0065 0023 0069 0023 0022 0025 0020 0023 0069 0023 0067 0023 0067 0025 06C3 

deck stop 0000 006D 0018 0000 008B 008C 0023 0067 0021 0024 0023 0022 0025 0067 0025 0020 0021 0024 0023 0022 0023 0022 0025 0020 0023 0022 0023 0024 0023 0022 0025 0065 0021 006B 0023 0022 0023 0067 0023 0069 0021 0069 0025 0065 0023 0067 0027 0063 0025 0067 0025 06C3 

deck rec 0000 006D 0018 0000 008D 0088 0027 0065 0025 0020 0023 0022 0023 0069 0021 0024 0023 0022 0023 0022 0023 0022 0027 0065 0023 0022 0027 001E 0023 0022 0023 0069 0023 0067 0023 0022 0023 0069 0023 0065 0027 0067 0021 0069 0023 0022 0023 0067 0023 0067 0023 06C3 

vcr1 0000 006D 0018 0000 008B 008A 0029 0063 0023 0022 0023 0022 0021 0069 0025 0020 0025 0022 0025 0065 0025 0067 0023 0067 0023 0067 0023 0069 0025 0020 0025 0065 0023 0067 0023 0024 0021 0069 0021 0069 0023 0024 0021 0024 0025 001E 0023 0024 0023 0022 0023 06C3 

muting 0000 006D 0018 0000 008B 008A 0025 0067 0023 0022 0023 0022 0027 0063 0025 0022 0021 0069 0023 0067 0023 0067 0025 0020 0025 0020 0025 0069 0023 0022 0025 0065 0021 0069 0023 0022 0023 0069 0023 0022 0023 0022 0025 0020 0023 0069 0021 0067 0025 0022 0023 06C3 

vol+ 0000 006D 0018 0000 008F 0088 0025 0065 0023 0024 0021 0024 0023 0067 0025 0022 0023 0020 0025 0022 0023 0067 0025 0020 0025 0022 0021 0067 0025 0022 0021 0069 0023 0067 0025 0022 0023 0067 0023 0067 0023 0069 0023 0022 0023 0067 0025 0067 0023 0022 0021 06C3 

vol- 0000 006D 0018 0000 008B 008C 0023 0067 0023 0024 0021 0024 0021 0069 0023 0022 0023 0067 0023 0024 0023 0067 0023 0022 0023 0024 0021 0069 0027 001C 0029 0063 0023 0069 0021 0024 0021 0069 0023 0022 0023 0067 0023 0024 0021 0069 0023 0069 0021 0024 0021 06C3 

cd play 0000 006D 0018 0000 008D 008A 0027 0020 0023 0022 0023 0067 0023 0067 0023 0022 0025 0022 0023 0067 0021 0024 0023 0067 0025 0022 0021 0024 0023 0067 0023 0067 0023 0024 0023 0022 0021 0069 0023 0069 0023 0022 0023 0067 0025 0020 0025 0065 0023 0067 0023 06C3 

cd stop 0000 006D 0018 0000 008D 008A 0023 0022 0021 0026 0021 0067 0025 0069 0023 0020 0025 0020 0023 0022 0023 0024 0021 0024 0023 0022 0021 0024 0021 006B 0023 0067 0021 0024 0023 0022 0021 006B 0023 0067 0025 0067 0021 0069 0023 0067 0023 0067 0023 0069 0021 06C3 

cd |<< 0000 006D 0018 0000 0089 008C 0020 0028 0020 0026 0020 006B 0020 006B 0025 0022 0020 0026 0020 006B 0020 0026 0021 0024 0020 0026 0021 0026 0020 006B 0020 006B 0021 0024 0021 0026 0020 006B 0020 006B 0020 0028 0020 006B 0020 006B 0020 006D 0020 006B 0021 06C3 

cd >>| 0000 006D 0018 0000 0087 008E 0021 0026 0020 0024 0021 006B 0020 006B 0020 0026 0021 0069 0023 0067 0023 0026 001E 0026 0021 0024 0021 0026 0020 006B 0020 006D 0020 0024 0023 0024 0021 0069 0021 0024 0021 0024 0021 0069 0021 006B 0020 006B 0021 006B 0020 06C3 

disc 0000 006D 0018 0000 0089 008E 0020 0024 0021 0024 0021 006B 0020 006B 0021 0026 0020 0026 0020 006B 0020 006D 0020 0024 0021 0024 0021 0069 0021 006D 0020 006B 0020 0026 0020 0026 0021 0069 0021 006B 0020 0026 0020 0026 0020 006B 0021 0069 0023 0022 0023 06C3 

program/continue 0000 006D 0018 0000 008D 008A 0023 0024 0021 0024 0021 0069 0025 0065 0025 0020 0023 0069 0023 0022 0023 0067 0023 0069 0021 0069 0021 0024 0023 0067 0025 0067 0021 0024 0023 0022 0023 0069 0021 0022 0025 0067 0025 0020 0023 0022 0025 0020 0025 0067 0025 06C3 

cd +10 0000 006D 0018 0000 008D 008A 0023 0022 0025 001E 0025 0069 0021 0069 0021 0024 0023 0022 0023 0067 0023 0024 0023 0067 0025 0065 0025 0020 0023 0069 0023 0067 0023 0022 0023 0022 0025 0067 0023 0067 0021 0024 0023 0069 0023 0022 0023 0022 0025 0065 0027 06C3 

tuner 1 0000 006D 0018 0000 008B 008C 0021 0067 0025 0022 0021 0022 0027 0065 0025 0020 0025 0022 0023 0022 0021 0024 0023 0022 0025 0067 0021 0024 0021 0024 0023 0069 0021 0069 0023 0022 0023 0067 0023 0067 0025 0067 0023 0067 0025 0067 0023 0022 0023 0067 0025 06C3 

tuner 2 0000 006D 0018 0000 008D 008A 0021 0069 0023 0022 0023 0022 0027 0065 0023 0022 0025 0065 0023 0022 0023 0024 0025 0020 0023 0067 0023 0022 0027 001E 0025 0067 0023 0067 0025 0020 0023 0069 0023 0022 0021 0069 0025 0067 0021 0067 0025 0022 0023 0067 0023 06C3 

tuner 3 0000 006D 0018 0000 008D 008A 0023 0069 0023 0022 0023 0022 0023 0069 0027 001C 0025 0020 0023 0069 0023 0022 0025 0020 0021 0069 0023 0024 0021 0024 0023 0067 0023 0069 0021 0024 0023 0067 0025 0065 0023 0024 0023 0067 0023 0069 0021 0024 0021 0069 0023 06C3 

tuner 4 0000 006D 0018 0000 008D 008C 0021 0069 0025 0020 0023 0022 0021 0069 0023 0024 0021 0067 0025 0067 0021 0024 0025 0020 0025 0067 0025 0020 0023 0022 0023 0069 0021 0069 0021 0024 0023 0069 0021 0022 0023 0022 0023 0069 0023 0067 0025 0022 0023 0067 0025 06C3 

tuner 5 0000 006D 0018 0000 008B 008A 0023 0069 0023 0022 0023 0022 0023 0067 0025 0022 0023 0020 0025 0022 0023 0067 0023 0024 0023 0067 0023 0022 0023 0022 0023 0067 0025 0067 0025 0020 0023 0069 0023 0065 0023 0069 0023 0022 0023 0069 0021 0022 0025 0067 0023 06C3 

tuner 6 0000 006D 0018 0000 008D 0088 0023 0069 0021 0022 0025 0022 0023 0067 0023 0022 0023 0067 0027 0020 0023 0067 0023 0022 0023 0069 0023 0022 0021 0024 0023 0067 0021 0069 0023 0024 0023 0067 0027 001E 0023 0069 0023 0022 0023 0067 0023 0022 0023 0069 0021 06C3 

tuner 7 0000 006D 0018 0000 008B 008C 0021 0069 0023 0022 0023 0022 0025 0067 0021 0024 0023 0022 0023 0069 0021 0069 0027 001E 0023 0067 0025 0020 0023 0024 0021 0069 0025 0065 0023 0022 0027 0065 0021 0069 0025 0020 0027 0020 0023 0067 0025 0022 0020 0069 0023 06C3 

tuner 8 0000 006D 0018 0000 008D 008A 0025 0065 0023 0024 0021 0024 0023 0067 0025 0020 0023 0067 0023 0069 0025 0065 0023 0024 0025 0065 0021 0024 0023 0022 0023 0069 0023 0067 0021 0024 0025 0065 0023 0022 0023 0024 0021 0024 0027 0063 0023 0024 0023 0067 0025 06C3 

tuner 9 0000 006D 0018 0000 008B 008C 0023 0067 0023 0022 0023 0022 0023 0067 0025 0020 0023 0022 0025 0022 0023 0022 0025 0065 0023 0069 0023 0022 0023 0022 0023 0069 0023 0067 0023 0022 0023 0067 0023 0069 0023 0067 0023 0069 0021 0024 0021 0022 0025 0067 0023 06C3 

tuner 0 0000 006D 0018 0000 008B 008C 0023 0067 0023 0022 0023 0024 0021 0069 0023 0022 0025 0067 0021 0022 0025 0022 0023 0067 0023 0067 0023 0022 0023 0024 0023 0067 0025 0065 0023 0022 0023 0069 0023 0022 0023 0067 0023 0069 0023 0020 0025 0022 0023 0069 0021 06C3 

cd 1 0000 006D 0018 0000 008D 008A 0025 0022 0023 0022 0023 0067 0023 0067 0023 0022 0023 0024 0023 0022 0023 0022 0023 0022 0023 0067 0023 0022 0025 0067 0023 0067 0025 0022 0021 0024 0023 0067 0023 0067 0021 006B 0023 0067 0023 0067 0025 0022 0021 0069 0023 06C3 

cd 2 0000 006D 0018 0000 008B 008C 0021 0024 0023 0022 0025 0067 0021 0069 0021 0022 0027 0067 0020 0026 0021 0022 0023 0024 0021 0069 0021 0026 0021 0069 0020 006B 0021 0024 0021 0024 0023 0069 0021 0024 0021 0069 0023 0069 0021 0069 0021 0024 0021 0069 0021 06C3 

cd 3 0000 006D 0018 0000 0089 008C 0027 0020 0020 0026 0020 006B 0021 006B 0020 0026 0021 0024 0020 006D 0020 0026 0021 0024 0020 006B 0021 0024 0020 006D 0025 0065 0021 0024 0021 0024 0021 0069 0021 0069 0021 0026 0021 0069 0021 006B 0020 0026 0020 006B 0021 06C3 

cd 4 0000 006D 0018 0000 0089 008C 0021 0024 0021 0026 0020 006B 0023 0069 0020 0024 0025 0067 0020 006B 0023 0022 0021 0026 0021 0069 0021 0024 0021 0069 0021 006B 0021 0024 0021 0024 0021 0069 0021 0026 0021 0022 0021 006B 0021 0069 0021 0024 0021 006B 0021 06C3 

cd 5 0000 006D 0018 0000 008F 0088 0025 0022 0023 0022 0023 0067 0025 0067 0023 0022 0023 0022 0021 0024 0023 0069 0021 0024 0023 0067 0023 0022 0025 0065 0025 0067 0021 0024 0025 0020 0023 0069 0023 0067 0023 0067 0023 0022 0025 0065 0025 0022 0023 0067 0027 06C3 

cd 6 0000 006D 0018 0000 008B 008C 0021 0024 0021 0024 0023 0069 0023 0065 0025 0022 0023 0067 0023 0024 0025 0065 0021 0024 0023 0067 0023 0024 0023 0067 0021 0069 0021 0024 0025 0020 0025 0065 0023 0024 0021 0069 0025 0022 0021 0069 0023 0022 0023 0067 0023 06C3 

cd 7 0000 006D 0018 0000 0089 008C 0021 0026 0023 0022 0021 0069 0021 0069 0021 0026 0020 0026 0021 0069 0023 0069 0020 0026 0020 006B 0021 0024 0021 006B 0020 006B 0020 0026 0021 0024 0021 006B 0021 0069 0021 0024 0021 0024 0023 0069 0020 0026 0021 0069 0021 06C3 

cd 8 0000 006D 0018 0000 008B 008C 0021 0024 0025 0022 0023 0067 0021 0069 0023 0022 0025 0067 0021 0069 0023 0069 0020 0024 0025 0065 0025 0022 0023 0067 0021 006B 0021 0024 0023 0022 0021 0069 0025 0020 0025 0022 0021 0024 0021 0069 0021 0026 0021 0069 0021 06C3 

cd 9 0000 006D 0018 0000 008B 008A 0023 0024 0021 0024 0020 006B 0021 006B 0021 0022 0021 0026 0020 0026 0023 0024 0021 0069 0021 0069 0023 0022 0021 0069 0021 006B 0021 0026 0020 0026 0021 0069 0021 0069 0021 0069 0021 006B 0021 0024 0021 0024 0023 0067 0021 06C3 

cd 0 0000 006D 0018 0000 008B 008A 0025 0020 0025 0022 0021 0069 0023 0067 0023 0022 0025 0065 0025 0022 0025 0020 0023 0067 0025 0065 0025 0022 0023 0067 0023 0069 0021 0024 0023 0020 0025 0067 0025 0020 0023 0067 0025 0067 0023 0022 0025 0022 0025 0063 0025 06C3 
